 6.309 	 6.558 	 5.303 	 5.292 	 5.200 	 4.836 	 4.267
 4.961 	 4.682 	 4.258 	 3.888 	 3.687 	 3.984 	 3.646
 9.893 	 10.074 	 8.642 	 7.909 	 7.244 	 7.200 	 6.618
 3.759 	 3.456 	 2.919 	 3.005 	 3.039 	 2.888 	 2.661
 9.685 	 9.592 	 7.589 	 6.689 	 6.023 	 6.005 	 5.470
 8.228 	 8.446 	 6.553 	 6.441 	 6.206 	 6.158 	 5.230
 3.308 	 3.246 	 2.641 	 2.837 	 2.678 	 2.808 	 2.390
 3.354 	 2.855 	 2.422 	 2.595 	 2.312 	 2.535 	 2.281
 2.326 	 1.805 	 1.445 	 1.367 	 1.398 	 1.206 	 0.994
 3.034 	 2.475 	 2.014 	 2.379 	 1.931 	 1.938 	 1.779
 2.419 	 2.856 	 2.581 	 2.651 	 2.730 	 2.864 	 2.331
 5.609 	 5.523 	 4.826 	 5.250 	 4.767 	 7.076 	 3.825
 3.650 	 3.173 	 2.653 	 2.928 	 2.697 	 2.744 	 2.332
 2.836 	 3.195 	 2.686 	 2.655 	 2.662 	 2.885 	 2.778
 2.925 	 2.849 	 2.374 	 2.329 	 2.437 	 2.425 	 2.117
 2.738 	 2.132 	 1.658 	 1.507 	 1.355 	 1.324 	 1.195
 1.587 	 1.141 	 1.000 	 0.904 	 0.854 	 0.863 	 0.684
 16.611 	 15.786 	 12.131 	 11.804 	 10.853 	 8.749 	 7.987
 2.584 	 2.435 	 1.462 	 1.355 	 1.359 	 1.304 	 1.012
 2.081 	 2.417 	 1.798 	 2.094 	 1.606 	 1.490 	 1.576
 12.502 	 14.221 	 11.167 	 10.565 	 9.131 	 7.472 	 7.223
 2.032 	 1.363 	 1.097 	 1.094 	 1.025 	 0.885 	 0.645
 2.121 	 1.670 	 1.454 	 2.056 	 1.500 	 1.449 	 1.034
 5.139 	 5.888 	 4.143 	 5.118 	 4.714 	 3.784 	 3.307
 7.304 	 7.067 	 5.012 	 5.976 	 6.298 	 6.852 	 4.814
 1.030 	 0.701 	 0.511 	 0.566 	 0.462 	 0.512 	 0.419
 0.547 	 0.331 	 0.278 	 0.306 	 0.234 	 0.204 	 0.183
 1.602 	 2.356 	 2.331 	 2.877 	 2.418 	 2.553 	 2.134
 1.333 	 0.990 	 0.714 	 0.660 	 0.627 	 0.635 	 0.534
 59.903 	 37.340 	 70.754 	 35.849 	 27.305 	 25.283 	 15.940
 1.655 	 1.156 	 1.003 	 0.988 	 0.784 	 0.863 	 0.765
 2.046 	 2.077 	 1.706 	 1.731 	 1.583 	 1.696 	 1.243
 1.400 	 1.488 	 1.424 	 1.603 	 1.471 	 1.778 	 1.410
 9.168 	 8.691 	 6.598 	 5.438 	 4.982 	 3.806 	 4.069
 3.143 	 2.747 	 4.023 	 4.341 	 3.439 	 5.521 	 5.889
 5.151 	 5.037 	 3.938 	 3.892 	 3.708 	 2.177 	 2.070
 2.107 	 1.678 	 1.131 	 1.046 	 1.161 	 1.021 	 1.011
 3.303 	 3.711 	 2.339 	 2.158 	 2.026 	 1.703 	 2.125
 1.278 	 0.897 	 0.916 	 0.899 	 0.601 	 0.622 	 0.567
 15.372 	 14.792 	 7.828 	 7.849 	 3.992 	 4.529 	 3.336
 1.302 	 0.849 	 0.707 	 0.653 	 0.503 	 0.475 	 0.404
 1.250 	 0.736 	 0.525 	 0.458 	 0.320 	 0.339 	 0.373
 2.514 	 2.089 	 1.319 	 1.364 	 1.140 	 1.617 	 1.068
 2.102 	 2.853 	 1.632 	 2.137 	 1.799 	 1.771 	 2.093
 55.333 	 78.237 	 61.514 	 59.495 	 57.517 	 69.362 	 84.839
 2.138 	 1.693 	 1.951 	 1.588 	 1.609 	 1.719 	 1.546
 3.050 	 1.703 	 1.173 	 1.011 	 0.960 	 1.016 	 0.637
 2.235 	 2.039 	 1.368 	 1.361 	 1.397 	 0.985 	 0.795
 8.192 	 21.628 	 19.292 	 20.896 	 17.795 	 10.996 	 7.918
 0.759 	 0.799 	 0.763 	 0.756 	 0.714 	 0.707 	 0.648
 0.871 	 0.928 	 1.060 	 1.451 	 1.431 	 1.305 	 1.197
 6.243 	 6.698 	 5.233 	 4.840 	 4.279 	 4.504 	 2.965
 1.500 	 1.824 	 1.326 	 1.318 	 1.025 	 1.104 	 1.107
 4.384 	 4.634 	 4.325 	 6.532 	 4.381 	 4.249 	 3.401
 2.136 	 1.710 	 1.591 	 1.611 	 1.017 	 1.137 	 0.988
 12.998 	 9.692 	 4.587 	 3.569 	 3.284 	 3.567 	 3.581
 1.770 	 1.260 	 1.089 	 0.985 	 0.668 	 0.791 	 0.846
 2.809 	 2.313 	 1.373 	 1.345 	 1.229 	 0.958 	 0.783
 1.458 	 1.417 	 1.497 	 1.879 	 1.629 	 1.590 	 1.306
 1.026 	 1.138 	 0.744 	 0.642 	 0.701 	 1.162 	 1.398
 1.280 	 1.066 	 0.961 	 0.948 	 0.793 	 0.794 	 0.774
 2.558 	 1.531 	 1.104 	 0.946 	 1.036 	 2.086 	 6.153
 1.288 	 0.758 	 0.512 	 0.554 	 0.386 	 0.568 	 0.819
 0.993 	 1.377 	 1.334 	 1.283 	 1.637 	 1.767 	 1.396
 3.696 	 4.202 	 3.929 	 5.546 	 3.796 	 3.481 	 3.395
 3.729 	 3.186 	 2.560 	 3.946 	 3.752 	 3.685 	 1.965
 0.564 	 0.307 	 0.184 	 0.193 	 0.171 	 0.138 	 0.123
 3.377 	 4.621 	 3.300 	 3.618 	 3.961 	 4.845 	 3.883
 1.210 	 0.874 	 0.474 	 0.350 	 0.378 	 0.371 	 0.309
 1.327 	 0.827 	 0.607 	 0.459 	 0.353 	 0.428 	 0.323
 2.233 	 1.419 	 1.099 	 1.038 	 1.099 	 2.115 	 0.943
 3.951 	 3.464 	 2.390 	 1.734 	 2.311 	 2.498 	 1.595
 82.490 	 150.527 	 72.821 	 19.771 	 8.867 	 59.258 	 16.566
 5.489 	 5.358 	 2.925 	 2.861 	 3.675 	 3.456 	 3.070
 1.911 	 1.653 	 1.171 	 1.061 	 0.939 	 0.877 	 0.890
 1.173 	 1.156 	 1.349 	 1.421 	 1.350 	 1.473 	 1.422
 3.933 	 4.928 	 3.667 	 2.685 	 2.134 	 2.648 	 3.184
 1.533 	 0.961 	 0.637 	 0.511 	 0.376 	 0.530 	 0.370
 3.035 	 2.674 	 1.444 	 1.245 	 1.152 	 0.899 	 1.059
 0.455 	 0.566 	 0.452 	 0.400 	 0.407 	 0.365 	 0.363
 0.384 	 0.178 	 0.118 	 0.123 	 0.078 	 0.109 	 0.080
 4.348 	 8.816 	 5.040 	 3.891 	 3.089 	 2.927 	 4.792
 9.827 	 9.795 	 4.953 	 4.143 	 7.556 	 5.664 	 4.474
 2.991 	 2.392 	 2.181 	 2.179 	 1.994 	 2.382 	 1.354
 6.889 	 6.702 	 12.107 	 3.977 	 5.132 	 9.938 	 1.185
 0.527 	 0.536 	 0.590 	 0.455 	 0.390 	 0.457 	 0.441
 1.695 	 0.799 	 0.704 	 0.858 	 0.560 	 0.514 	 0.367
 2.188 	 1.862 	 1.282 	 1.190 	 1.015 	 0.635 	 0.418
 2.432 	 4.519 	 2.740 	 1.997 	 3.118 	 2.391 	 1.900
 0.303 	 0.147 	 0.093 	 0.070 	 0.045 	 0.039 	 0.031
 1.713 	 2.044 	 1.045 	 1.763 	 1.855 	 1.700 	 0.690
 1.192 	 0.840 	 0.531 	 0.399 	 0.384 	 0.313 	 0.214
 0.376 	 0.240 	 0.187 	 0.146 	 0.091 	 0.068 	 0.058
 0.989 	 0.479 	 0.327 	 0.305 	 0.259 	 0.227 	 0.225
 4.478 	 6.047 	 10.775 	 5.059 	 1.975 	 2.009 	 4.317
 0.879 	 0.468 	 0.296 	 0.223 	 0.191 	 0.163 	 0.261
 10.911 	 7.558 	 4.377 	 4.128 	 3.485 	 4.574 	 2.877
 3.218 	 3.420 	 2.533 	 2.732 	 2.937 	 3.179 	 2.151
 0.993 	 2.937 	 2.304 	 1.022 	 1.375 	 1.475 	 0.966
 1.276 	 1.123 	 0.763 	 0.736 	 0.716 	 0.614 	 0.333
 1.222 	 0.600 	 0.366 	 0.257 	 0.214 	 0.220 	 0.185
 1.378 	 1.154 	 0.728 	 0.493 	 0.373 	 0.351 	 0.389
 9.859 	 6.698 	 3.848 	 3.913 	 3.967 	 3.485 	 4.003
 0.679 	 0.546 	 0.511 	 0.480 	 0.349 	 0.485 	 1.065
 1.744 	 1.013 	 0.906 	 0.751 	 0.597 	 0.534 	 0.445
 0.670 	 0.436 	 0.274 	 0.238 	 0.229 	 0.210 	 0.176
 6.010 	 6.279 	 3.075 	 5.095 	 4.931 	 3.161 	 2.508
 0.549 	 0.221 	 0.172 	 0.143 	 0.102 	 0.111 	 0.084
 1.959 	 1.403 	 0.971 	 1.013 	 0.906 	 0.769 	 0.763
 8.522 	 9.312 	 5.684 	 4.583 	 4.606 	 3.443 	 6.785
 1.212 	 0.818 	 0.509 	 0.467 	 0.378 	 0.533 	 0.411
 0.931 	 0.704 	 0.636 	 0.446 	 0.570 	 0.327 	 0.251
 1.834 	 3.184 	 2.760 	 1.689 	 1.488 	 1.541 	 1.427
 1.372 	 0.842 	 0.489 	 0.451 	 0.270 	 0.332 	 0.196
 0.953 	 0.868 	 0.683 	 0.707 	 0.722 	 0.614 	 0.445
 1.474 	 0.883 	 0.682 	 0.694 	 0.540 	 0.687 	 0.766
 2.628 	 2.011 	 1.270 	 1.147 	 0.835 	 1.181 	 0.740
 1.616 	 1.268 	 0.817 	 0.584 	 0.409 	 0.391 	 0.412
 2.431 	 1.941 	 1.510 	 1.552 	 1.049 	 1.381 	 1.675
 1.032 	 1.079 	 1.083 	 1.229 	 0.879 	 1.030 	 0.918
 1.345 	 2.180 	 1.792 	 1.432 	 1.428 	 1.633 	 1.753
 1.254 	 0.980 	 0.509 	 0.337 	 0.201 	 0.136 	 0.076
 7.845 	 4.190 	 4.767 	 5.434 	 4.663 	 4.191 	 10.563
 0.806 	 0.294 	 0.221 	 0.109 	 0.128 	 0.071 	 0.050
 2.142 	 1.624 	 1.341 	 1.201 	 0.923 	 1.092 	 0.727
 0.446 	 0.260 	 0.226 	 0.077 	 0.099 	 0.118 	 0.038
 3.349 	 3.376 	 1.934 	 1.621 	 1.631 	 0.904 	 1.291
 1.118 	 0.397 	 0.311 	 0.279 	 0.197 	 0.210 	 0.229
 1.915 	 1.553 	 1.265 	 1.985 	 1.285 	 0.905 	 0.677
 0.667 	 0.374 	 0.325 	 0.232 	 0.117 	 0.091 	 0.074
 1.745 	 1.674 	 1.662 	 2.559 	 1.030 	 1.469 	 1.094
 2.448 	 2.139 	 1.282 	 1.032 	 1.129 	 0.836 	 0.737
 0.719 	 0.405 	 0.377 	 0.223 	 0.170 	 0.118 	 0.083
 0.520 	 0.259 	 0.215 	 0.173 	 0.156 	 0.415 	 0.734
 1.369 	 1.281 	 1.125 	 1.225 	 0.948 	 0.902 	 0.602
 1.707 	 1.140 	 0.967 	 0.654 	 0.600 	 0.526 	 0.310
 1.577 	 0.984 	 0.913 	 0.516 	 0.452 	 0.480 	 0.344
 1.917 	 1.357 	 1.258 	 1.161 	 0.944 	 1.126 	 0.673
 0.601 	 0.488 	 0.391 	 0.384 	 0.313 	 0.330 	 0.365
 0.273 	 0.151 	 0.072 	 0.042 	 0.035 	 0.027 	 0.024
 2.506 	 2.232 	 1.410 	 1.809 	 1.501 	 1.428 	 0.940
 1.450 	 1.584 	 1.233 	 2.291 	 1.633 	 2.132 	 2.009
 0.924 	 0.668 	 0.469 	 0.386 	 0.466 	 0.314 	 0.341
 0.981 	 1.043 	 0.825 	 0.860 	 0.762 	 0.695 	 0.368
 2.003 	 1.472 	 0.904 	 0.753 	 0.697 	 0.587 	 0.435
 209.435 	 624.462 	 176.515 	 195.778 	 95.850 	 112.243 	 279.023
 0.750 	 0.819 	 1.307 	 0.498 	 0.465 	 0.784 	 0.537
 2.976 	 3.095 	 1.540 	 1.334 	 1.664 	 2.557 	 1.890
 1.128 	 1.173 	 0.727 	 0.576 	 0.442 	 0.588 	 0.739
 0.312 	 0.766 	 0.279 	 0.308 	 0.175 	 0.127 	 0.176
 0.894 	 1.259 	 0.780 	 1.270 	 0.830 	 0.490 	 0.657
 14.476 	 7.641 	 3.799 	 12.194 	 1.745 	 1.797 	 3.127
 3.361 	 4.265 	 2.555 	 1.661 	 1.714 	 2.895 	 2.419
 1.380 	 0.516 	 0.202 	 0.186 	 0.101 	 0.182 	 0.113
 2.676 	 2.323 	 1.218 	 0.919 	 1.012 	 1.118 	 0.661
 3.022 	 3.232 	 1.657 	 3.477 	 1.547 	 1.767 	 1.466
 3.036 	 1.877 	 1.650 	 1.435 	 1.699 	 1.070 	 1.169
 1.092 	 1.260 	 1.154 	 1.344 	 1.030 	 1.393 	 1.188
 1.650 	 1.067 	 0.657 	 0.726 	 0.394 	 0.368 	 0.272
 1.646 	 1.279 	 1.006 	 0.704 	 0.994 	 1.284 	 0.584
 2.105 	 1.148 	 0.927 	 1.167 	 1.531 	 2.220 	 1.294
 0.560 	 0.214 	 0.113 	 0.069 	 0.046 	 0.049 	 0.039
 2.479 	 2.459 	 1.956 	 1.828 	 1.626 	 2.195 	 1.849
 0.678 	 0.232 	 0.121 	 0.077 	 0.080 	 0.060 	 0.055
 1.472 	 0.824 	 0.538 	 0.537 	 0.404 	 0.459 	 0.260
 1.834 	 1.345 	 1.005 	 0.813 	 0.646 	 0.676 	 0.404
 0.921 	 2.250 	 1.686 	 1.404 	 2.265 	 3.396 	 1.652
 1.150 	 0.705 	 0.381 	 0.310 	 0.273 	 0.266 	 0.312
 0.592 	 0.559 	 0.600 	 0.419 	 0.444 	 0.370 	 0.232
 0.638 	 0.392 	 0.205 	 0.418 	 0.274 	 0.283 	 0.133
 0.905 	 0.395 	 0.193 	 0.154 	 0.215 	 0.168 	 0.094
 0.886 	 0.618 	 0.421 	 0.418 	 0.319 	 0.366 	 0.228
 3.680 	 6.313 	 6.717 	 4.697 	 3.415 	 3.375 	 2.226
 0.571 	 0.937 	 1.256 	 1.142 	 0.938 	 1.053 	 0.723
 6.160 	 5.100 	 4.392 	 4.328 	 4.634 	 4.906 	 2.186
 0.579 	 1.055 	 0.955 	 1.261 	 0.880 	 0.913 	 0.644
 1.152 	 0.532 	 0.270 	 0.192 	 0.170 	 0.123 	 0.079
 2.388 	 2.069 	 1.500 	 0.687 	 0.724 	 0.684 	 0.361
 38.362 	 158.509 	 187.708 	 44.404 	 138.189 	 24.472 	 33.790
 1.982 	 1.953 	 2.060 	 1.230 	 2.511 	 3.135 	 1.656
 2.579 	 1.861 	 1.164 	 0.973 	 1.112 	 0.816 	 0.751
 1.183 	 0.646 	 0.361 	 0.292 	 0.204 	 0.110 	 0.111
 0.456 	 0.323 	 0.471 	 0.319 	 0.078 	 0.115 	 0.118
 5.099 	 1.910 	 1.759 	 1.685 	 2.520 	 3.364 	 1.019
 1.740 	 1.267 	 1.293 	 0.787 	 0.610 	 0.821 	 0.570
 0.914 	 0.416 	 0.127 	 0.047 	 0.059 	 0.032 	 0.014
 1.858 	 1.328 	 1.403 	 1.063 	 0.635 	 0.893 	 0.532
 0.951 	 0.840 	 0.528 	 0.556 	 0.586 	 0.748 	 0.801
 1.197 	 0.901 	 1.085 	 1.298 	 1.324 	 1.349 	 0.929
 1.700 	 1.869 	 0.804 	 0.849 	 0.459 	 0.338 	 0.397
 1.696 	 1.245 	 0.800 	 0.558 	 0.422 	 0.276 	 0.210
 3.660 	 4.543 	 2.556 	 2.141 	 1.387 	 0.598 	 0.324
 1.860 	 1.910 	 1.406 	 1.156 	 1.239 	 1.156 	 0.992
 2.465 	 1.775 	 1.036 	 1.141 	 1.465 	 1.110 	 0.811
 1.441 	 2.643 	 2.233 	 2.484 	 6.362 	 3.446 	 1.781
 1.668 	 1.434 	 0.955 	 0.879 	 0.769 	 0.768 	 0.599
 0.864 	 1.078 	 0.752 	 0.631 	 0.796 	 0.664 	 0.539
 1.098 	 1.266 	 1.987 	 1.750 	 0.844 	 0.971 	 0.757
 0.837 	 0.804 	 0.564 	 1.152 	 1.411 	 1.173 	 0.892
 0.312 	 0.104 	 0.066 	 0.039 	 0.036 	 0.026 	 0.024
 0.835 	 0.812 	 0.537 	 0.493 	 0.245 	 0.319 	 0.240
 0.733 	 1.030 	 3.228 	 5.380 	 5.877 	 5.794 	 1.649
 1.038 	 1.022 	 0.734 	 0.741 	 0.592 	 0.521 	 0.524
 0.339 	 0.411 	 0.342 	 0.477 	 0.501 	 0.302 	 0.151
 0.334 	 0.628 	 0.639 	 0.197 	 0.151 	 0.177 	 0.128
 3.365 	 2.271 	 1.801 	 2.468 	 1.516 	 1.602 	 1.095
 0.625 	 0.867 	 1.016 	 0.886 	 0.377 	 0.151 	 0.083
 1.984 	 1.490 	 1.223 	 1.172 	 1.277 	 1.704 	 1.239
 0.561 	 0.395 	 0.394 	 0.433 	 0.413 	 0.302 	 0.406
 0.984 	 1.557 	 1.346 	 3.529 	 3.793 	 5.304 	 1.244
 0.963 	 0.566 	 0.567 	 0.229 	 0.252 	 0.339 	 0.109
 0.829 	 0.679 	 0.519 	 0.694 	 0.499 	 0.848 	 0.437
 0.276 	 0.148 	 0.158 	 0.145 	 0.121 	 0.073 	 0.043
 1.126 	 0.710 	 0.629 	 0.451 	 0.197 	 0.231 	 0.165
 4.089 	 4.873 	 2.940 	 4.810 	 3.314 	 2.890 	 2.046
 0.185 	 0.082 	 0.035 	 0.091 	 0.065 	 0.021 	 0.012
 0.447 	 0.822 	 0.536 	 0.619 	 0.775 	 0.558 	 0.460
 1.008 	 0.497 	 0.281 	 0.480 	 0.071 	 0.102 	 0.054
 1.786 	 1.610 	 0.379 	 0.273 	 0.200 	 0.272 	 0.168
 2.008 	 1.457 	 0.449 	 0.689 	 1.086 	 0.772 	 0.404
 0.448 	 0.169 	 0.103 	 0.104 	 0.083 	 0.077 	 0.037
 4.288 	 3.128 	 1.819 	 1.096 	 0.844 	 0.785 	 1.062
 1.002 	 0.719 	 0.641 	 0.571 	 0.204 	 0.060 	 0.105
 1.398 	 1.098 	 0.617 	 0.785 	 0.884 	 0.805 	 1.012
 0.564 	 0.375 	 0.604 	 0.791 	 1.683 	 1.413 	 0.663
 1.013 	 0.929 	 0.779 	 0.728 	 0.663 	 0.518 	 0.535
 2.543 	 1.899 	 1.568 	 1.846 	 1.739 	 1.286 	 0.983
 0.169 	 0.113 	 0.047 	 0.041 	 0.036 	 0.024 	 0.013
 7.582 	 5.284 	 1.686 	 2.495 	 1.325 	 0.434 	 0.285
 0.428 	 0.462 	 0.241 	 0.215 	 0.325 	 0.309 	 0.178
 0.782 	 0.599 	 0.561 	 0.550 	 0.158 	 0.163 	 0.143
 2.554 	 0.991 	 1.478 	 1.444 	 1.549 	 0.647 	 1.353
 0.423 	 0.150 	 0.095 	 0.100 	 0.043 	 0.036 	 0.018
 5.456 	 3.057 	 2.673 	 3.029 	 1.840 	 1.068 	 0.618
 0.506 	 0.806 	 0.749 	 0.404 	 0.266 	 0.189 	 0.275
 0.536 	 0.427 	 0.423 	 0.181 	 0.061 	 0.058 	 0.057
 0.431 	 0.152 	 0.132 	 0.079 	 0.062 	 0.076 	 0.036
 1.032 	 0.602 	 0.377 	 0.249 	 0.183 	 0.316 	 0.198
 0.707 	 0.551 	 0.219 	 0.211 	 0.197 	 0.160 	 0.057
 1.840 	 0.865 	 0.634 	 0.430 	 0.330 	 0.261 	 0.498
 0.697 	 0.343 	 0.163 	 0.234 	 0.095 	 0.081 	 0.105
 0.928 	 0.780 	 0.725 	 0.549 	 0.364 	 0.366 	 0.340
 1.554 	 1.704 	 1.226 	 0.617 	 0.710 	 0.404 	 0.248
 0.320 	 0.222 	 0.090 	 0.065 	 0.045 	 0.042 	 0.070
 3.108 	 2.240 	 1.691 	 0.620 	 1.357 	 0.984 	 0.812
 1.305 	 1.358 	 2.014 	 1.014 	 0.745 	 0.470 	 0.310
 2.308 	 11.134 	 0.748 	 3.228 	 2.843 	 0.946 	 0.688
 1.390 	 3.394 	 2.513 	 1.189 	 0.893 	 0.226 	 0.060
 0.665 	 0.350 	 0.172 	 0.392 	 0.196 	 0.091 	 0.071
 1.849 	 1.040 	 1.427 	 1.166 	 1.528 	 0.457 	 0.528
 1.506 	 1.267 	 0.658 	 0.359 	 0.350 	 0.451 	 0.221
 1.814 	 0.761 	 0.386 	 0.362 	 0.625 	 0.125 	 0.156
 0.318 	 0.218 	 0.155 	 0.165 	 0.238 	 0.160 	 0.194
 0.543 	 0.569 	 0.354 	 0.363 	 0.545 	 0.198 	 0.089
 1.543 	 0.752 	 0.560 	 0.464 	 0.309 	 0.352 	 0.135
 3.120 	 3.066 	 2.344 	 1.446 	 1.566 	 1.171 	 1.836
 2.454 	 2.149 	 1.180 	 0.917 	 0.891 	 0.852 	 0.664
 2.818 	 4.490 	 2.257 	 1.643 	 1.188 	 1.585 	 1.752
 12.134 	 17.965 	 11.147 	 8.372 	 15.454 	 14.072 	 1.598
 2.401 	 0.594 	 1.369 	 0.978 	 0.818 	 0.506 	 0.479
 2.775 	 4.399 	 3.991 	 3.268 	 1.876 	 2.623 	 5.390
 0.992 	 1.226 	 0.547 	 0.704 	 0.407 	 0.624 	 0.686
 2.568 	 3.192 	 3.705 	 2.154 	 4.507 	 2.906 	 3.138
 1.688 	 0.872 	 0.500 	 0.713 	 0.633 	 0.405 	 0.420
 2.460 	 3.812 	 2.444 	 2.707 	 1.103 	 0.922 	 1.590
 3.324 	 2.720 	 1.762 	 1.250 	 0.898 	 0.804 	 0.817
 1.620 	 0.993 	 1.228 	 0.935 	 0.679 	 0.402 	 0.491
 0.885 	 0.614 	 0.879 	 0.736 	 0.890 	 0.619 	 0.472
 3.507 	 1.617 	 0.968 	 2.730 	 0.903 	 1.866 	 3.147
 2.146 	 1.938 	 0.862 	 0.799 	 0.445 	 0.414 	 0.288
 0.352 	 0.320 	 0.160 	 0.224 	 0.136 	 0.086 	 0.098
 0.597 	 0.760 	 0.752 	 0.407 	 0.262 	 0.342 	 0.265
 5.223 	 3.507 	 1.596 	 1.234 	 1.702 	 1.859 	 2.038
 0.339 	 0.163 	 0.075 	 0.069 	 0.054 	 0.049 	 0.030
 1.069 	 1.266 	 1.784 	 0.956 	 0.884 	 0.875 	 0.784
 0.411 	 0.626 	 0.323 	 0.314 	 1.119 	 1.161 	 0.686
 2.711 	 2.146 	 1.018 	 1.098 	 1.270 	 1.042 	 0.785
 1.097 	 0.539 	 0.305 	 0.474 	 0.356 	 0.351 	 0.252
 3.253 	 2.116 	 2.293 	 1.940 	 1.828 	 1.385 	 0.878
 3.696 	 3.135 	 1.109 	 2.096 	 2.012 	 1.991 	 1.328
 0.966 	 0.824 	 0.546 	 0.738 	 0.830 	 0.530 	 0.854
 3.882 	 0.126 	 0.296 	 0.021 	 0.020 	 0.011 	 0.007
 3.551 	 4.611 	 2.080 	 2.241 	 2.816 	 1.426 	 1.876
 1.320 	 0.850 	 0.513 	 0.831 	 0.153 	 0.310 	 0.085
 2.039 	 4.475 	 2.970 	 6.256 	 10.604 	 1.478 	 0.922
 0.608 	 0.214 	 0.137 	 0.150 	 0.115 	 0.074 	 0.053
 0.574 	 0.349 	 0.177 	 0.083 	 0.076 	 0.085 	 0.066
 0.753 	 0.527 	 0.258 	 0.162 	 0.146 	 0.255 	 0.120
 1.476 	 0.523 	 0.295 	 0.226 	 0.225 	 0.122 	 0.125
 0.579 	 0.313 	 0.222 	 0.068 	 0.042 	 0.051 	 0.033
 14.963 	 5.943 	 3.596 	 2.961 	 3.469 	 3.455 	 1.394
 0.188 	 0.053 	 0.027 	 0.063 	 0.017 	 0.023 	 0.008
 1.282 	 0.511 	 0.771 	 0.515 	 0.325 	 0.537 	 0.349
 0.846 	 0.411 	 0.214 	 0.101 	 0.066 	 0.086 	 0.081
 2.255 	 1.345 	 0.996 	 0.725 	 0.646 	 0.514 	 0.242
 1.787 	 1.879 	 0.624 	 0.487 	 0.457 	 0.965 	 0.475
 0.432 	 0.174 	 0.129 	 0.127 	 0.045 	 0.037 	 0.040
 0.879 	 0.667 	 0.482 	 0.283 	 0.341 	 0.304 	 0.308
 0.682 	 0.716 	 0.244 	 0.219 	 0.235 	 0.237 	 0.211
 0.914 	 0.475 	 0.400 	 0.273 	 0.277 	 0.127 	 0.102
 0.453 	 0.345 	 0.127 	 0.134 	 0.104 	 0.127 	 0.039
 6.797 	 7.945 	 2.987 	 6.595 	 1.884 	 0.935 	 0.795
 7.322 	 10.109 	 8.473 	 2.522 	 1.322 	 1.703 	 1.129
 1.969 	 0.562 	 0.347 	 0.344 	 0.182 	 0.152 	 0.202
 3.505 	 1.669 	 0.973 	 0.557 	 1.371 	 0.577 	 0.727
 1.582 	 0.631 	 0.566 	 0.648 	 0.442 	 0.291 	 0.362
 2.997 	 0.032 	 0.010 	 0.006 	 0.013 	 0.003 	 0.026
 0.496 	 0.282 	 0.167 	 0.131 	 0.119 	 0.091 	 0.078
 0.847 	 2.471 	 0.433 	 0.606 	 0.243 	 2.008 	 1.079
 0.458 	 0.945 	 0.486 	 0.685 	 0.967 	 3.695 	 0.529
 0.819 	 0.556 	 0.598 	 0.254 	 0.212 	 0.340 	 0.173
 1.258 	 0.725 	 0.727 	 0.892 	 0.897 	 0.548 	 0.384
 1.661 	 0.873 	 0.725 	 0.543 	 0.319 	 0.380 	 0.972
 1.487 	 0.966 	 0.570 	 0.499 	 0.516 	 0.451 	 0.292
 0.151 	 0.040 	 0.013 	 0.012 	 0.011 	 0.007 	 0.003
 1.207 	 0.653 	 0.853 	 0.577 	 0.383 	 0.561 	 0.299
 0.468 	 0.126 	 0.302 	 0.064 	 0.035 	 0.019 	 0.018
 7.274 	 8.081 	 2.990 	 2.064 	 1.272 	 0.751 	 1.062
 5.169 	 0.979 	 1.283 	 1.021 	 1.556 	 1.244 	 1.262
 0.782 	 0.424 	 0.204 	 0.167 	 0.137 	 0.270 	 0.112
 2.240 	 3.834 	 2.679 	 2.670 	 3.990 	 3.341 	 1.362
 0.916 	 0.612 	 0.210 	 0.462 	 0.136 	 0.046 	 0.053
 2.938 	 2.128 	 1.415 	 1.288 	 1.726 	 1.411 	 0.914
 2.479 	 0.976 	 0.779 	 0.387 	 0.166 	 0.279 	 0.513
 1.697 	 0.841 	 1.052 	 1.244 	 1.726 	 1.900 	 1.214
 0.614 	 0.276 	 0.147 	 0.059 	 0.124 	 0.086 	 0.037
 1.249 	 0.777 	 0.544 	 0.267 	 0.408 	 0.299 	 0.415
 0.390 	 0.258 	 0.256 	 0.339 	 0.210 	 0.213 	 0.554
 0.151 	 0.074 	 0.039 	 0.030 	 0.025 	 0.019 	 0.016
 2.273 	 3.439 	 3.249 	 1.279 	 0.673 	 0.664 	 0.421
 10.538 	 7.368 	 1.574 	 0.402 	 10.346 	 0.075 	 0.963
 10.967 	 4.958 	 1.896 	 2.199 	 1.766 	 2.807 	 3.682
 1.909 	 4.926 	 0.972 	 0.826 	 1.213 	 0.525 	 0.595
 1.127 	 0.917 	 0.248 	 0.280 	 0.385 	 0.292 	 0.170
 0.233 	 0.162 	 0.108 	 0.046 	 0.020 	 0.010 	 0.005
 0.700 	 1.575 	 2.832 	 3.113 	 6.985 	 2.159 	 0.605
 1.122 	 0.848 	 0.460 	 0.556 	 0.442 	 0.384 	 0.110
 0.385 	 0.410 	 0.191 	 0.182 	 0.161 	 0.121 	 0.124
 0.799 	 0.443 	 0.260 	 0.254 	 0.151 	 0.094 	 0.075
 0.128 	 0.051 	 0.023 	 0.016 	 0.014 	 0.010 	 0.005
 1.551 	 0.823 	 0.404 	 0.193 	 0.409 	 0.303 	 0.183
 1.582 	 0.695 	 0.901 	 0.853 	 0.408 	 0.339 	 0.308
 1.218 	 2.303 	 1.512 	 1.957 	 4.000 	 3.170 	 3.522
 12.679 	 14.620 	 11.382 	 7.826 	 9.375 	 6.604 	 6.172
 1.087 	 0.789 	 0.230 	 4.497 	 1.311 	 0.121 	 0.217
 55.971 	 51.728 	 29.608 	 29.654 	 18.333 	 7.767 	 7.911
 0.528 	 0.355 	 0.171 	 0.090 	 0.064 	 0.063 	 0.051
 0.358 	 0.643 	 0.916 	 0.249 	 0.213 	 0.166 	 0.124
 0.277 	 0.134 	 0.054 	 0.063 	 0.032 	 0.022 	 0.005
 0.179 	 0.081 	 0.052 	 0.019 	 0.026 	 0.009 	 0.007
 3.047 	 2.824 	 1.704 	 1.464 	 1.486 	 1.825 	 1.728
 0.748 	 0.693 	 0.111 	 0.085 	 0.074 	 0.184 	 0.070
 0.175 	 0.142 	 0.515 	 0.241 	 0.601 	 0.246 	 0.067
 0.353 	 0.149 	 0.058 	 0.026 	 0.022 	 0.044 	 0.012
 0.300 	 0.325 	 0.248 	 0.121 	 0.149 	 0.135 	 0.160
 0.621 	 0.589 	 0.242 	 0.149 	 0.216 	 0.141 	 0.181
 1.606 	 0.981 	 0.477 	 0.352 	 0.382 	 0.608 	 0.509
 0.719 	 0.351 	 0.197 	 0.633 	 0.514 	 0.213 	 0.086
 1.688 	 1.410 	 0.830 	 1.398 	 0.975 	 1.514 	 1.778
 0.817 	 0.649 	 0.135 	 0.264 	 0.095 	 0.116 	 0.075
 0.781 	 0.509 	 0.194 	 0.167 	 0.136 	 0.144 	 0.080
 0.267 	 0.072 	 0.035 	 0.027 	 0.012 	 0.016 	 0.006
 0.212 	 0.117 	 0.194 	 0.082 	 0.076 	 0.073 	 0.030
 0.815 	 0.233 	 0.191 	 0.335 	 0.086 	 0.084 	 0.030
 2.495 	 1.346 	 0.587 	 0.332 	 0.347 	 0.242 	 0.271
 0.456 	 0.243 	 0.175 	 0.054 	 0.093 	 0.052 	 0.050
 0.230 	 0.075 	 0.048 	 0.049 	 0.015 	 0.020 	 0.016
 1.175 	 2.149 	 1.430 	 1.742 	 1.881 	 0.879 	 0.859
 1.067 	 1.059 	 0.236 	 0.228 	 0.092 	 1.683 	 0.245
 3.208 	 4.239 	 1.686 	 0.823 	 1.201 	 1.989 	 1.256
 0.476 	 0.543 	 0.979 	 1.267 	 0.361 	 0.325 	 0.211
 0.146 	 0.139 	 0.154 	 0.724 	 0.272 	 0.200 	 0.484
 1.774 	 1.018 	 1.917 	 0.540 	 1.388 	 0.670 	 0.633
 0.571 	 0.230 	 0.101 	 0.085 	 0.053 	 0.039 	 0.028
 0.900 	 1.521 	 0.541 	 0.290 	 0.303 	 0.810 	 0.449
 2.523 	 1.823 	 1.637 	 0.872 	 0.930 	 0.678 	 0.955
 0.943 	 3.704 	 1.815 	 3.660 	 1.739 	 1.103 	 1.401
 2.395 	 0.505 	 0.205 	 0.391 	 0.243 	 0.182 	 0.145
 0.894 	 0.596 	 0.635 	 0.778 	 0.711 	 0.702 	 0.473
 0.582 	 0.221 	 0.106 	 0.077 	 0.083 	 0.041 	 0.055
 0.610 	 3.140 	 1.763 	 1.239 	 0.623 	 0.452 	 0.485
 0.659 	 0.866 	 0.462 	 0.441 	 0.379 	 0.910 	 1.453
 3.215 	 15.129 	 15.439 	 2.406 	 1.489 	 0.757 	 1.477
 3.782 	 3.222 	 4.026 	 2.435 	 1.807 	 2.042 	 1.382
 0.441 	 0.142 	 0.074 	 0.052 	 0.047 	 0.050 	 0.019
 2.002 	 2.702 	 2.611 	 2.058 	 2.116 	 0.821 	 0.678
 2.191 	 1.149 	 0.513 	 0.474 	 0.671 	 0.264 	 0.185
 0.524 	 0.416 	 0.212 	 0.197 	 0.133 	 0.086 	 0.048
 0.927 	 0.649 	 0.680 	 0.292 	 0.394 	 0.439 	 0.143
 1.996 	 0.775 	 0.656 	 0.311 	 0.257 	 0.208 	 0.227
 0.620 	 0.440 	 0.499 	 0.389 	 0.100 	 0.130 	 0.184
 0.654 	 0.223 	 0.123 	 0.062 	 0.072 	 0.078 	 0.033
 1.249 	 0.665 	 0.660 	 1.202 	 2.426 	 2.613 	 1.775
 1.262 	 1.312 	 1.340 	 0.675 	 0.245 	 0.316 	 0.408
 0.792 	 1.652 	 0.141 	 0.600 	 1.544 	 1.239 	 0.445
 1.615 	 1.705 	 2.664 	 0.820 	 1.045 	 1.546 	 1.292
 13.658 	 1.052 	 0.972 	 0.525 	 0.138 	 0.144 	 0.285
 0.483 	 0.513 	 1.163 	 0.421 	 0.275 	 0.784 	 0.517
 1.169 	 0.352 	 0.410 	 0.188 	 0.240 	 0.125 	 0.076
 10.110 	 7.631 	 2.348 	 2.688 	 1.207 	 1.297 	 1.322
 0.834 	 0.194 	 0.179 	 0.212 	 0.197 	 0.139 	 0.174
 0.651 	 0.319 	 0.185 	 0.420 	 0.165 	 0.120 	 0.049
 0.428 	 1.143 	 0.230 	 0.159 	 0.100 	 0.088 	 0.049
 0.220 	 0.057 	 0.025 	 0.017 	 0.021 	 0.019 	 0.005
 0.789 	 0.585 	 1.127 	 1.747 	 1.826 	 0.972 	 1.818
 0.581 	 0.311 	 0.380 	 0.409 	 1.177 	 0.741 	 0.506
 0.251 	 0.096 	 0.052 	 0.034 	 0.021 	 0.028 	 0.020
 3.293 	 0.237 	 0.129 	 0.029 	 0.108 	 0.078 	 0.001
 1.871 	 9.909 	 10.474 	 1.932 	 2.061 	 7.881 	 11.409
 1.346 	 1.116 	 1.134 	 0.790 	 0.866 	 1.035 	 1.079
 0.567 	 2.460 	 1.415 	 1.518 	 0.745 	 0.808 	 0.685
 0.434 	 0.106 	 0.036 	 0.018 	 0.022 	 0.016 	 0.035
 1.468 	 2.484 	 0.382 	 9.217 	 0.486 	 1.196 	 0.616
 0.784 	 0.777 	 1.610 	 0.752 	 0.236 	 0.225 	 0.501
 0.255 	 0.169 	 0.088 	 0.068 	 0.089 	 0.107 	 0.075
 1.987 	 3.255 	 2.571 	 1.707 	 0.390 	 0.517 	 0.684
 0.185 	 0.074 	 0.504 	 1.132 	 1.235 	 0.441 	 0.122
 1.231 	 1.604 	 0.435 	 0.392 	 0.612 	 0.600 	 0.922
 3.948 	 5.164 	 4.032 	 5.034 	 0.142 	 0.055 	 0.241
 0.377 	 0.276 	 0.098 	 0.071 	 0.050 	 0.058 	 0.024
 1.025 	 0.503 	 0.130 	 0.237 	 0.279 	 0.127 	 0.203
 0.226 	 0.080 	 0.022 	 0.030 	 0.021 	 0.014 	 0.004
 1.301 	 1.713 	 1.312 	 0.658 	 0.550 	 0.568 	 0.717
 1.008 	 0.867 	 0.386 	 0.183 	 0.225 	 0.204 	 0.143
 0.640 	 0.146 	 0.056 	 0.070 	 0.014 	 0.034 	 0.026
 0.315 	 0.126 	 0.269 	 0.057 	 0.055 	 0.021 	 0.020
 0.661 	 2.339 	 1.046 	 1.700 	 1.085 	 0.461 	 0.182
 0.253 	 0.157 	 0.112 	 0.107 	 0.066 	 0.016 	 0.008
 1.093 	 0.559 	 1.564 	 2.012 	 0.225 	 0.256 	 0.113
 5.807 	 3.857 	 0.843 	 1.293 	 0.371 	 0.099 	 0.068
 0.854 	 0.323 	 0.228 	 0.191 	 0.256 	 0.181 	 0.154
 1.270 	 0.688 	 0.362 	 0.196 	 0.579 	 0.296 	 0.193
 1.388 	 1.194 	 1.110 	 0.575 	 0.427 	 0.554 	 0.396
 4.504 	 3.062 	 1.944 	 1.098 	 0.135 	 0.112 	 0.187
 0.420 	 0.357 	 0.170 	 18.237 	 14.101 	 9.085 	 1.092
 1.538 	 0.763 	 0.401 	 0.362 	 0.251 	 0.176 	 0.117
 0.476 	 0.176 	 0.249 	 0.082 	 0.599 	 0.758 	 0.239
 1.063 	 1.724 	 1.901 	 1.162 	 1.520 	 0.798 	 0.686
 0.533 	 0.432 	 0.173 	 0.128 	 0.078 	 0.189 	 0.182
 0.686 	 1.361 	 0.859 	 0.683 	 0.202 	 0.170 	 0.272
 0.508 	 0.405 	 0.739 	 0.705 	 0.608 	 0.329 	 0.183
 3.716 	 1.774 	 0.030 	 0.456 	 0.000 	 0.005 	 0.001
 1.012 	 0.451 	 0.280 	 0.236 	 0.149 	 0.158 	 0.233
 0.615 	 0.395 	 0.268 	 0.308 	 0.228 	 0.090 	 0.036
 0.276 	 0.196 	 0.223 	 0.354 	 1.018 	 0.497 	 0.287
 0.278 	 0.412 	 0.106 	 0.172 	 0.100 	 0.168 	 0.110
 1.306 	 0.504 	 0.115 	 0.067 	 0.050 	 0.053 	 0.036
 2.264 	 1.201 	 0.699 	 1.279 	 1.872 	 1.077 	 0.782
 0.181 	 2.668 	 0.767 	 0.540 	 2.175 	 0.362 	 0.321
 1.582 	 1.848 	 1.182 	 1.174 	 0.665 	 0.806 	 0.864
 1.796 	 0.794 	 0.672 	 0.356 	 0.514 	 0.486 	 0.297
 1.077 	 0.547 	 0.538 	 0.163 	 0.145 	 0.232 	 0.231
 2.179 	 2.299 	 1.137 	 0.577 	 0.552 	 0.768 	 0.954
 0.623 	 0.554 	 0.654 	 0.639 	 0.336 	 0.577 	 0.220
 0.254 	 0.231 	 0.120 	 0.058 	 0.024 	 0.040 	 0.025
 0.643 	 0.171 	 0.096 	 0.094 	 0.043 	 0.046 	 0.025
 1.706 	 1.454 	 1.631 	 0.949 	 0.408 	 0.613 	 0.334
 2.238 	 1.017 	 0.542 	 0.644 	 0.526 	 1.269 	 1.998
 3.355 	 0.883 	 0.406 	 0.539 	 0.283 	 1.359 	 1.533
 0.213 	 0.095 	 0.026 	 0.018 	 0.011 	 0.007 	 0.015
 1.151 	 0.642 	 1.030 	 0.412 	 0.289 	 0.274 	 0.273
 0.198 	 0.058 	 0.042 	 0.033 	 0.040 	 0.024 	 0.018
 0.500 	 0.347 	 0.276 	 0.294 	 0.264 	 0.309 	 0.219
 1.724 	 1.411 	 0.847 	 0.515 	 0.281 	 0.585 	 0.429
 1.675 	 0.010 	 0.005 	 0.002 	 0.002 	 0.003 	 0.035
 0.996 	 1.017 	 1.773 	 0.135 	 0.089 	 0.163 	 0.064
 1.801 	 1.937 	 0.970 	 1.306 	 0.962 	 0.780 	 0.471
 1.062 	 0.526 	 0.799 	 0.382 	 0.156 	 0.261 	 0.138
 0.698 	 1.398 	 0.782 	 0.460 	 0.697 	 0.376 	 0.218
 1.558 	 1.460 	 0.909 	 0.353 	 0.530 	 0.373 	 0.383
 0.682 	 0.482 	 0.708 	 0.929 	 0.393 	 0.105 	 0.194
 2.552 	 3.254 	 0.330 	 0.420 	 0.769 	 0.884 	 0.462
 0.759 	 0.593 	 1.335 	 0.704 	 0.488 	 0.835 	 1.794
 0.272 	 0.217 	 0.132 	 0.147 	 0.131 	 0.166 	 0.036
 1.354 	 0.881 	 2.269 	 0.867 	 0.992 	 0.293 	 0.757
 0.799 	 0.369 	 0.327 	 0.152 	 0.108 	 0.093 	 0.043
 0.152 	 0.071 	 0.041 	 0.012 	 0.016 	 0.010 	 0.005
 0.158 	 0.085 	 0.072 	 0.030 	 0.004 	 0.005 	 0.003
 0.189 	 0.112 	 0.091 	 0.083 	 0.108 	 0.090 	 0.212
 0.288 	 0.076 	 0.043 	 0.019 	 0.034 	 0.041 	 0.144
 1.738 	 3.541 	 2.388 	 1.304 	 1.027 	 0.715 	 1.220
 1.515 	 2.453 	 1.177 	 1.696 	 1.616 	 0.338 	 0.712
 0.574 	 0.209 	 0.348 	 0.122 	 0.145 	 0.042 	 0.007
 0.499 	 1.772 	 0.803 	 0.599 	 2.468 	 0.241 	 0.254
 0.310 	 0.168 	 0.080 	 0.063 	 0.059 	 0.018 	 0.020
 0.596 	 1.060 	 0.318 	 0.421 	 1.174 	 0.833 	 0.241
 0.635 	 0.886 	 0.784 	 0.437 	 0.339 	 0.342 	 0.170
 2.677 	 1.307 	 0.997 	 0.852 	 1.248 	 0.884 	 0.517
 0.803 	 0.300 	 0.240 	 0.225 	 0.155 	 0.163 	 0.105
 4.124 	 3.420 	 1.226 	 2.658 	 1.917 	 1.042 	 1.523
 0.372 	 0.200 	 0.343 	 0.235 	 0.305 	 0.316 	 0.452
 0.948 	 0.389 	 0.169 	 0.131 	 0.196 	 0.139 	 0.080
 1.029 	 3.099 	 1.867 	 3.323 	 3.789 	 2.653 	 9.864
 0.135 	 0.036 	 0.017 	 0.020 	 0.033 	 0.029 	 0.001
 0.990 	 0.894 	 0.470 	 0.439 	 2.059 	 2.036 	 0.909
 0.363 	 0.224 	 0.067 	 0.036 	 0.011 	 0.012 	 0.025
 0.534 	 0.199 	 0.160 	 0.136 	 0.083 	 0.443 	 0.062
 0.148 	 0.046 	 0.023 	 0.023 	 0.011 	 0.005 	 0.002
 0.754 	 1.744 	 0.649 	 0.651 	 0.729 	 0.137 	 0.005
 1.118 	 1.335 	 1.009 	 2.599 	 1.994 	 1.070 	 2.437
 0.493 	 0.470 	 1.242 	 0.619 	 0.116 	 0.108 	 0.172
 0.194 	 0.076 	 0.046 	 0.032 	 0.028 	 0.015 	 0.007
 1.552 	 0.621 	 0.472 	 0.204 	 0.198 	 0.271 	 0.139
 0.462 	 0.762 	 0.409 	 0.181 	 0.041 	 0.100 	 0.291
 1.444 	 1.889 	 1.031 	 0.772 	 0.561 	 0.683 	 0.631
 0.875 	 0.594 	 0.189 	 0.239 	 0.103 	 0.109 	 0.106
 0.593 	 0.508 	 0.255 	 0.272 	 0.148 	 0.508 	 0.189
 1.306 	 0.696 	 0.557 	 0.384 	 0.534 	 0.261 	 0.209
 2.636 	 1.197 	 0.289 	 0.099 	 0.212 	 0.341 	 0.271
 0.418 	 0.950 	 0.241 	 0.493 	 0.304 	 0.131 	 0.141
 0.253 	 0.087 	 0.149 	 0.129 	 0.262 	 0.238 	 0.140
 0.128 	 0.037 	 0.011 	 0.009 	 0.008 	 0.035 	 0.008
 0.959 	 0.853 	 2.992 	 0.430 	 0.321 	 0.177 	 0.149
 0.341 	 0.599 	 0.308 	 0.385 	 0.074 	 0.129 	 0.098
 1.676 	 0.372 	 0.128 	 0.154 	 0.446 	 1.670 	 0.281
 0.640 	 0.158 	 0.152 	 0.054 	 0.065 	 0.286 	 0.146
 0.618 	 0.291 	 0.194 	 0.237 	 0.223 	 0.392 	 0.325
 1.534 	 1.503 	 0.760 	 0.478 	 1.080 	 0.274 	 0.229
 0.552 	 0.430 	 0.118 	 0.251 	 0.106 	 0.132 	 0.073
 0.509 	 0.173 	 0.193 	 0.023 	 0.012 	 0.015 	 0.012
 1.003 	 0.854 	 1.842 	 0.123 	 0.217 	 0.199 	 0.068
 0.800 	 0.562 	 0.553 	 0.465 	 0.254 	 0.292 	 0.256
 0.455 	 0.289 	 0.568 	 0.425 	 0.580 	 1.133 	 0.117
 0.620 	 0.450 	 0.452 	 1.146 	 0.569 	 0.433 	 0.383
 0.422 	 0.183 	 0.058 	 0.072 	 0.036 	 0.077 	 0.013
 1.428 	 1.261 	 0.946 	 1.902 	 1.770 	 0.293 	 0.400
 0.428 	 0.140 	 0.019 	 0.021 	 0.016 	 0.011 	 0.006
 2.162 	 1.619 	 1.157 	 0.254 	 0.266 	 0.114 	 0.032
 0.428 	 0.371 	 0.188 	 0.123 	 0.013 	 0.062 	 0.092
 1.687 	 1.590 	 3.951 	 3.595 	 1.033 	 0.703 	 0.743
 0.221 	 0.103 	 0.045 	 0.052 	 0.040 	 0.037 	 0.033
 0.614 	 0.553 	 0.340 	 0.127 	 0.036 	 0.042 	 0.020
 0.253 	 0.380 	 0.649 	 0.070 	 0.111 	 0.085 	 0.012
 0.719 	 0.907 	 0.548 	 0.189 	 0.209 	 0.071 	 0.206
 0.358 	 0.119 	 0.083 	 0.044 	 0.065 	 0.045 	 0.038
 0.421 	 0.263 	 0.086 	 0.116 	 0.226 	 0.150 	 0.072
 0.616 	 0.172 	 0.227 	 0.113 	 0.056 	 0.047 	 0.061
 0.400 	 0.342 	 0.426 	 0.271 	 0.103 	 0.310 	 0.213
 0.325 	 0.054 	 0.032 	 0.006 	 0.004 	 0.014 	 0.002
 1.001 	 1.361 	 0.862 	 0.342 	 0.498 	 0.668 	 0.193
 0.413 	 0.284 	 0.063 	 0.035 	 0.023 	 0.025 	 0.025
 0.228 	 0.112 	 0.157 	 0.051 	 0.020 	 0.007 	 0.018
 0.905 	 0.852 	 0.593 	 0.399 	 0.597 	 0.232 	 0.354
 0.255 	 0.052 	 0.113 	 0.022 	 0.015 	 0.020 	 0.013
 0.814 	 0.416 	 0.115 	 0.080 	 0.139 	 0.071 	 0.085
 1.743 	 0.451 	 0.103 	 0.093 	 0.029 	 0.107 	 0.095
 0.777 	 0.395 	 0.235 	 0.323 	 0.152 	 0.088 	 0.074
 0.147 	 0.060 	 0.070 	 0.020 	 0.008 	 0.019 	 0.012
 0.542 	 0.327 	 0.267 	 0.748 	 1.114 	 0.706 	 0.281
 0.364 	 0.155 	 0.032 	 0.020 	 0.017 	 0.049 	 0.030
 2.277 	 3.248 	 1.721 	 2.484 	 0.841 	 1.157 	 0.306
 0.376 	 0.625 	 0.453 	 0.112 	 0.037 	 0.056 	 0.047
 1.566 	 0.454 	 0.333 	 0.360 	 0.532 	 0.250 	 0.109
 0.701 	 0.867 	 0.457 	 1.172 	 0.832 	 0.442 	 0.631
 2.212 	 2.295 	 0.405 	 0.778 	 0.714 	 0.405 	 0.328
 0.204 	 0.249 	 0.123 	 0.149 	 0.305 	 0.069 	 0.066
 0.919 	 0.559 	 0.267 	 0.085 	 0.152 	 0.014 	 0.033
 0.219 	 0.193 	 0.260 	 0.108 	 0.879 	 0.109 	 0.083
 0.375 	 0.155 	 0.021 	 0.524 	 0.469 	 3.243 	 0.024
 0.745 	 1.570 	 0.915 	 1.230 	 0.905 	 0.595 	 0.346
 0.207 	 0.124 	 0.089 	 0.088 	 0.105 	 0.029 	 0.011
 0.758 	 0.435 	 0.190 	 0.059 	 0.077 	 0.063 	 0.122
 2.478 	 0.494 	 0.541 	 1.206 	 0.265 	 0.092 	 0.242
 1.613 	 1.159 	 0.401 	 0.474 	 0.111 	 0.032 	 0.022
 0.130 	 0.083 	 0.048 	 0.046 	 0.059 	 0.226 	 0.105
 0.226 	 0.111 	 0.076 	 0.044 	 0.011 	 0.037 	 0.014
 0.987 	 0.359 	 0.207 	 0.090 	 0.103 	 0.046 	 0.033
 0.370 	 0.188 	 0.558 	 0.129 	 0.212 	 0.044 	 0.032
 0.184 	 0.039 	 0.135 	 0.012 	 0.007 	 0.022 	 0.038
 0.915 	 2.367 	 1.547 	 0.697 	 1.428 	 0.292 	 0.297
 0.008 	 0.099 	 0.352 	 0.461 	 0.031 	 30.388 	 0.062
 0.366 	 0.241 	 0.326 	 0.419 	 0.390 	 0.561 	 0.108
 0.246 	 0.244 	 0.188 	 0.268 	 0.249 	 0.162 	 0.044
 0.300 	 0.193 	 0.072 	 0.117 	 0.120 	 0.223 	 0.128
 0.218 	 0.061 	 0.442 	 3.241 	 2.276 	 1.025 	 0.923
 0.270 	 0.040 	 0.028 	 0.019 	 0.035 	 0.018 	 0.033
 0.322 	 0.171 	 0.061 	 0.052 	 0.038 	 0.040 	 0.033
 0.399 	 0.350 	 0.339 	 0.251 	 0.299 	 0.600 	 0.441
 0.449 	 0.177 	 0.153 	 0.144 	 0.252 	 0.139 	 0.219
 0.636 	 0.651 	 0.201 	 0.156 	 0.164 	 0.168 	 0.101
 0.818 	 0.937 	 0.547 	 1.975 	 3.592 	 6.555 	 4.445
 0.153 	 0.069 	 0.026 	 0.023 	 0.012 	 0.040 	 0.026
 0.114 	 0.072 	 0.076 	 0.033 	 0.026 	 0.037 	 0.022
 0.361 	 0.483 	 0.717 	 2.089 	 2.033 	 3.952 	 2.120
 0.259 	 0.211 	 0.431 	 0.930 	 0.428 	 0.071 	 0.161
 1.268 	 0.429 	 0.678 	 0.392 	 0.246 	 0.569 	 0.110
 0.398 	 0.102 	 0.103 	 0.079 	 0.037 	 0.015 	 0.021
 0.858 	 1.211 	 1.349 	 2.088 	 0.558 	 0.665 	 0.419
 0.258 	 0.132 	 0.111 	 0.264 	 0.482 	 1.592 	 1.098
 1.687 	 1.854 	 1.358 	 0.283 	 0.239 	 0.546 	 0.301
 0.619 	 0.375 	 0.196 	 0.018 	 0.008 	 0.001 	 0.013
 1.652 	 0.706 	 0.424 	 0.182 	 0.497 	 0.955 	 0.626
 0.528 	 0.200 	 0.155 	 0.169 	 0.133 	 0.091 	 0.029
 0.766 	 0.725 	 0.491 	 0.827 	 0.876 	 0.472 	 0.182
 1.655 	 0.752 	 0.928 	 0.831 	 0.161 	 0.232 	 0.301
 0.819 	 0.925 	 0.521 	 0.460 	 0.339 	 0.386 	 0.235
 0.217 	 0.187 	 0.334 	 0.136 	 0.054 	 0.045 	 0.017
 3.298 	 3.482 	 0.734 	 0.767 	 0.989 	 0.459 	 0.206
 0.295 	 0.289 	 0.042 	 0.076 	 0.026 	 0.021 	 0.948
 2.715 	 0.619 	 0.609 	 0.519 	 1.935 	 1.373 	 1.258
 2.269 	 0.185 	 0.155 	 0.061 	 0.007 	 0.008 	 0.012
 0.411 	 0.274 	 0.095 	 0.276 	 0.082 	 0.157 	 0.147
 0.580 	 0.022 	 0.863 	 0.299 	 0.034 	 0.026 	 0.034
 0.285 	 0.103 	 0.211 	 0.086 	 0.244 	 0.324 	 0.387
 0.325 	 0.688 	 1.126 	 0.132 	 0.120 	 0.053 	 0.034
 0.411 	 0.731 	 0.607 	 0.649 	 0.348 	 0.182 	 0.053
 1.262 	 2.288 	 2.921 	 0.705 	 0.604 	 0.814 	 0.538
 0.385 	 1.224 	 0.285 	 0.305 	 0.056 	 0.030 	 0.049
 0.227 	 0.135 	 0.023 	 0.085 	 0.049 	 0.032 	 0.016
 1.519 	 1.032 	 0.334 	 0.423 	 1.195 	 0.229 	 0.310
 0.231 	 0.259 	 0.155 	 0.125 	 0.059 	 0.125 	 0.296
 1.142 	 0.826 	 0.314 	 0.159 	 0.244 	 0.177 	 0.451
 0.248 	 0.160 	 0.119 	 0.104 	 0.168 	 0.071 	 0.075
 0.231 	 0.022 	 0.002 	 0.005 	 0.012 	 0.023 	 0.794
 0.739 	 0.663 	 0.318 	 0.051 	 0.060 	 0.293 	 0.183
 0.628 	 0.580 	 0.157 	 0.055 	 0.053 	 0.043 	 0.289
 0.582 	 0.534 	 0.249 	 0.093 	 0.078 	 0.060 	 0.046
 0.184 	 0.080 	 0.106 	 0.136 	 0.065 	 0.080 	 0.079
 0.245 	 0.093 	 0.024 	 0.055 	 0.013 	 0.022 	 0.022
 3.254 	 0.079 	 0.038 	 0.008 	 0.007 	 0.071 	 0.468
 0.360 	 0.222 	 0.144 	 0.289 	 0.048 	 0.041 	 0.033
 0.356 	 0.189 	 0.144 	 0.277 	 0.118 	 1.139 	 0.051
 0.270 	 0.308 	 0.123 	 0.072 	 0.080 	 0.029 	 0.066
 0.293 	 0.116 	 0.028 	 0.016 	 0.006 	 0.004 	 0.010
 0.095 	 0.410 	 0.569 	 0.761 	 1.204 	 0.737 	 1.024
 0.260 	 0.109 	 0.071 	 0.030 	 0.032 	 0.022 	 0.012
 0.344 	 0.609 	 1.597 	 0.167 	 0.153 	 0.112 	 0.101
 0.779 	 0.591 	 0.155 	 0.165 	 0.101 	 0.052 	 0.077
 0.280 	 0.251 	 0.337 	 0.045 	 0.008 	 0.014 	 0.005
 0.560 	 1.057 	 0.649 	 0.659 	 0.261 	 0.225 	 0.193
 0.798 	 0.375 	 0.402 	 0.214 	 0.118 	 0.101 	 0.151
 1.528 	 0.151 	 0.117 	 0.019 	 0.049 	 0.028 	 0.029
 0.077 	 0.097 	 0.094 	 0.016 	 0.002 	 0.005 	 0.001
 2.193 	 3.561 	 0.555 	 0.497 	 0.493 	 0.252 	 0.416
 1.237 	 0.802 	 0.256 	 0.464 	 0.299 	 0.192 	 0.165
 0.460 	 0.138 	 0.045 	 0.023 	 0.017 	 0.008 	 0.016
 75.329 	 31.738 	 33.192 	 1.979 	 10.725 	 5.117 	 9.908
 0.838 	 0.227 	 0.068 	 0.095 	 0.025 	 0.037 	 0.049
 2.075 	 1.683 	 0.803 	 0.792 	 1.673 	 1.512 	 2.160
 0.746 	 0.629 	 1.848 	 0.052 	 0.192 	 0.092 	 0.168
 9.369 	 2.241 	 0.861 	 0.026 	 0.371 	 0.910 	 0.068
 2.149 	 0.300 	 1.080 	 1.721 	 2.389 	 0.068 	 1.167
 1.317 	 0.324 	 0.374 	 0.175 	 0.245 	 0.194 	 0.206
 1.797 	 0.933 	 0.649 	 0.984 	 0.850 	 0.220 	 0.040
 0.131 	 0.179 	 0.037 	 0.342 	 0.046 	 0.018 	 0.013
 0.613 	 0.306 	 0.127 	 0.152 	 0.060 	 0.041 	 0.024
 0.436 	 0.152 	 0.026 	 0.010 	 0.017 	 0.035 	 0.017
 0.186 	 0.216 	 0.053 	 0.085 	 0.098 	 0.527 	 0.049
 6.382 	 7.008 	 2.327 	 1.008 	 0.505 	 2.964 	 1.418
 4.003 	 0.937 	 0.813 	 0.564 	 0.475 	 0.419 	 0.738
 0.472 	 1.300 	 0.223 	 0.069 	 0.043 	 0.026 	 0.008
 1.059 	 0.397 	 0.142 	 0.110 	 0.167 	 0.239 	 0.529
 0.167 	 0.228 	 0.252 	 0.164 	 0.073 	 0.044 	 0.090
 0.222 	 0.147 	 0.117 	 0.265 	 0.355 	 0.316 	 0.247
 0.505 	 0.186 	 0.141 	 0.233 	 0.082 	 0.103 	 0.108
 0.165 	 0.157 	 0.186 	 0.105 	 0.006 	 0.006 	 0.006
 0.149 	 0.267 	 0.034 	 0.028 	 0.042 	 0.022 	 0.008
 0.904 	 0.414 	 0.337 	 0.733 	 0.785 	 0.567 	 0.693
 3.004 	 0.874 	 0.221 	 0.126 	 0.264 	 0.127 	 0.027
 0.389 	 0.351 	 0.086 	 0.053 	 0.029 	 0.089 	 0.055
 0.266 	 1.307 	 1.313 	 1.211 	 0.289 	 0.079 	 0.157
 0.182 	 4.900 	 6.082 	 3.134 	 0.059 	 0.063 	 0.007
 0.504 	 0.143 	 0.098 	 0.100 	 0.573 	 0.709 	 0.429
 0.125 	 0.044 	 0.265 	 0.002 	 0.006 	 0.034 	 0.010
 0.184 	 0.123 	 0.018 	 0.021 	 0.050 	 0.014 	 0.002
 0.564 	 0.269 	 0.046 	 0.283 	 0.085 	 0.041 	 0.058
 0.101 	 0.098 	 0.188 	 0.183 	 0.097 	 0.049 	 0.067